# unix_time, cycles_done, cur_path, paths_total, pending_total, pending_favs, map_size, unique_crashes, unique_hangs, max_depth, execs_per_sec
1593539284, 0, 0, 191, 191, 66, 0.89%, 0, 0, 1, 9.37
1593539289, 0, 0, 192, 192, 66, 0.89%, 0, 0, 2, 9.74
1593539304, 0, 0, 193, 193, 66, 0.90%, 0, 0, 2, 9.89
1593539345, 0, 0, 194, 194, 66, 0.91%, 0, 0, 2, 10.46
1593539386, 0, 0, 195, 195, 66, 0.91%, 0, 0, 2, 10.11
1593545070, 0, 0, 196, 196, 66, 0.92%, 0, 0, 2, 10.75
1593545075, 0, 0, 197, 197, 66, 0.92%, 0, 0, 2, 10.76
1593546941, 0, 0, 199, 199, 66, 0.92%, 0, 0, 2, 8.65
1593546988, 0, 0, 200, 200, 66, 0.95%, 0, 0, 2, 10.76
1593547019, 0, 0, 203, 203, 66, 0.95%, 0, 0, 2, 10.73
1593547024, 0, 0, 204, 204, 66, 0.95%, 0, 0, 2, 10.32
1593547029, 0, 0, 205, 205, 66, 0.95%, 0, 0, 2, 9.78
1593547075, 0, 0, 206, 206, 66, 0.95%, 0, 0, 2, 9.95
1593547080, 0, 0, 209, 209, 66, 0.95%, 0, 0, 2, 9.80
1593547085, 0, 0, 210, 210, 66, 0.95%, 0, 0, 2, 10.44
1593547142, 0, 0, 211, 211, 66, 0.95%, 0, 0, 2, 10.77
1593547174, 0, 0, 212, 212, 66, 0.97%, 0, 0, 2, 10.80
1593547215, 0, 0, 213, 213, 66, 0.97%, 0, 0, 2, 10.84
1593547298, 0, 0, 214, 214, 66, 0.97%, 0, 0, 2, 10.85
1593547313, 0, 0, 215, 215, 66, 0.97%, 0, 0, 2, 10.67
1593547391, 0, 2, 215, 214, 76, 0.97%, 0, 0, 2, 10.67
1593547411, 0, 2, 221, 220, 76, 0.97%, 0, 0, 2, 10.52
1593547416, 0, 2, 222, 221, 76, 0.97%, 0, 0, 2, 10.61
1593547493, 0, 2, 223, 222, 76, 0.97%, 0, 0, 2, 9.90
1593547498, 0, 2, 226, 225, 76, 0.97%, 0, 0, 2, 9.99
1593547585, 0, 2, 227, 226, 76, 0.97%, 0, 0, 2, 10.02
1593547785, 0, 2, 228, 227, 76, 0.97%, 0, 0, 2, 9.95
1593547800, 0, 2, 230, 229, 76, 0.97%, 0, 0, 2, 9.94
1593547821, 0, 2, 231, 230, 76, 0.97%, 0, 0, 2, 9.94
